0.000000000000000000e+00,6.740000000000000000e+03,6.697000000000000000e+03,6.209000000000000000e+03,6.247000000000000000e+03,8.986000000000000000e+03
6.740000000000000000e+03,0.000000000000000000e+00,6.788000000000000000e+03,6.804000000000000000e+03,6.815000000000000000e+03,8.989000000000000000e+03
6.697000000000000000e+03,6.788000000000000000e+03,0.000000000000000000e+00,6.783000000000000000e+03,6.797000000000000000e+03,8.926000000000000000e+03
6.209000000000000000e+03,6.804000000000000000e+03,6.783000000000000000e+03,0.000000000000000000e+00,5.530000000000000000e+03,9.046000000000000000e+03
6.247000000000000000e+03,6.815000000000000000e+03,6.797000000000000000e+03,5.530000000000000000e+03,0.000000000000000000e+00,9.064000000000000000e+03
8.986000000000000000e+03,8.989000000000000000e+03,8.926000000000000000e+03,9.046000000000000000e+03,9.064000000000000000e+03,0.000000000000000000e+00
